89.000000 429.000000 1
116.000000 332.000000 2
329.000000 129.000000 3
624.000000 135.000000 4
826.000000 347.000000 5
820.000000 638.000000 6
315.000000 837.000000 8
111.000000 628.000000 9
834.000000 400.000000 13
791.000000 683.000000 14
559.000000 854.000000 15
274.000000 812.000000 16
102.000000 581.000000 17
145.000000 294.000000 10
379.000000 124.000000 11
664.000000 168.000000 12
676.343811 346.767670 20
333.009399 695.490601 22
254.168564 342.932312 18
589.636597 260.323883 19
493.011780 740.530151 21
223.138596 597.490234 23
