292.000000 171.000000 1
389.000000 127.000000 2
700.000000 156.000000 3
897.000000 396.000000 4
865.000000 706.000000 5
626.000000 903.000000 6
317.000000 874.000000 7
119.000000 634.000000 8
148.000000 325.000000 9
903.000000 451.000000 12
832.000000 749.000000 13
573.000000 911.000000 14
276.000000 842.000000 15
114.000000 583.000000 16
182.000000 285.000000 17
443.000000 123.000000 10
742.000000 191.000000 11
761.967651 586.891418 20
243.801926 551.330200 22
474.855164 244.296814 18
772.698364 456.691315 19
316.725006 711.765137 21
247.735138 395.039764 23
