89.000000 539.000000 1.000000
116.000000 636.000000 1.000000
329.000000 839.000000 1.000000
624.000000 833.000000 1.000000
826.000000 621.000000 1.000000
820.000000 330.000000 1.000000
315.000000 131.000000 1.000000
111.000000 340.000000 1.000000
834.000000 568.000000 1.000000
791.000000 285.000000 1.000000
559.000000 114.000000 1.000000
274.000000 156.000000 1.000000
102.000000 387.000000 1.000000
145.000000 674.000000 1.000000
379.000000 844.000000 1.000000
664.000000 800.000000 1.000000
676.343811 621.232330 1.000000
333.009399 272.509399 1.000000
254.168564 625.067688 1.000000
589.636597 707.676117 1.000000
493.011780 227.469849 1.000000
223.138596 370.509766 1.000000
