292.000000 853.000000 1.000000
389.000000 897.000000 1.000000
700.000000 868.000000 1.000000
897.000000 628.000000 1.000000
865.000000 318.000000 1.000000
626.000000 121.000000 1.000000
317.000000 150.000000 1.000000
119.000000 390.000000 1.000000
148.000000 699.000000 1.000000
903.000000 573.000000 1.000000
832.000000 275.000000 1.000000
573.000000 113.000000 1.000000
276.000000 182.000000 1.000000
114.000000 441.000000 1.000000
182.000000 739.000000 1.000000
443.000000 901.000000 1.000000
742.000000 833.000000 1.000000
761.967651 437.108582 1.000000
243.801926 472.669800 1.000000
474.855164 779.703186 1.000000
772.698364 567.308685 1.000000
316.725006 312.234863 1.000000
247.735138 628.960236 1.000000
